13
15
14
25
11
18
23
13
11
20
10
11
17
12
16
11
16
9
17
20
18
19
12
31
11
12
15
16
18
16
12
10
7
14
12
9
10
9
22
13
16
17
14
10
22
18
15
10
19
13
14
14
18
13
22
8
12
8
19
20
19
12
16
12
10
25
13
15
19
18
23
22
22
9
19
15
12
14
10
11
16
13
14
18
10
25
14
14
19
11
14
12
11
19
13
13
21
16
12
13
15
17
21
11
12
10
16
15
12
19
13
15
19
17
12
17
10
18
13
13
17
18
11
12
9
15
10
13
15
19
8
44
17
13
8
14
11
15
19
15
16
13
23
14
15
19
14
14
19
14
14
14
11
19
15
14
18
10
12
9
10
12
18
15
9
12
12
18
12
10
14
14
12
18
15
20
10
14
12
17
17
11
12
15
14
14
14
19
12
20
14
13
15
13
17
21
18
15
22
14
16
12
12
9
18
15
14
13
18
12
18
23
13
12
14
21
17
17
13
12
16
16
16
6
23
22
10
18
19
15
20
13
15
21
16
18
12
17
17
18
14
16
11
17
13
14
11
23
11
15
11
15
13
13
14
11
16
15
15
14
11
13
14
12
13
12
19
16
28
28
18
26
17
29
22
17
14
9
10
10
19
18
14
13
9
12
16
22
11
14
21
13
15
13
16
24
10
18
18
12
21
12
13
10
15
19
19
15
9
13
14
15
22
12
16
21
11
12
17
15
9
14
7
15
20
12
16
18
22
14
19
12
18
12
17
21
17
14
17
20
12
20
12
11
19
10
24
21
10
18
16
16
21
19
13
11
7
8
21
17
20
18
14
12
14
9
16
12
11
15
15
19
18
14
18
10
16
9
15
9
13
19
12
14
10
20
14
12
21
21
13
13
11
16
21
15
9
11
12
11
18
11
14
21
15
14
14
14
13
13
14
17
19
23
19
13
15
12
17
17
11
17
15
21
10
11
12
19
18
12
22
16
21
12
28
16
19
10
16
11
16
13
16
24
13
8
12
9
25
20
22
18
13
9
14
18
14
9
13
15
10
13
14
11
16
15
13
18
19
18
15
14
22
12
10
13
22
17
12
8
14
20
16
15
17
17
14
21
13
17
17
9
18
14
12
12
16
12
18
11
13
13
16
17
10
12
16
10
13
17
9
11
13
10
13
10
15
20
12
11
17
20
12
11
16
16
11
13
10
15
16
15
27
17
27
24
11
20
10
8
11
19
12
12
7
13
17
19
14
14
19
15
10
15
20
9
14
11
10
9
14
12
16
16
16
9
10
11
18
13
14
16
17
13
17
13
13
13
14
14
18
17
13
9
14
14
19
12
20
17
17
20
12
12
17
14
13
10
15
14
15
25
16
9
17
13
13
29
13
18
12
15
16
12
18
13
12
18
17
19
18
16
15
11
18
11
13
17
23
10
14
17
17
14
19
14
9
20
13
21
21
17
13
13
18
23
11
13
18
26
18
20
13
14
13
12
19
11
15
14
15
13
15
11
16
17
18
17
9
26
13
24
13
12
11
11
16
8
18
9
20
32
17
23
23
16
10
23
11
20
16
11
22
13
16
12
11
14
17
14
11
8
19
16
18
15
16
16
13
17
10
11
10
12
12
27
14
12
20
25
20
13
16
11
21
10
11
14
26
8
12
15
11
12
12
11
14
17
13
13
11
14
27
16
26
18
14
15
11
12
14
14
18
15
9
20
13
15
21
13
13
15
18
17
14
15
18
15
12
16
11
23
11
13
12
16
18
19
10
11
12
8
14
11
20
9
24
17
12
12
14
19
16
11
14
21
10
16
15
17
11
10
18
15
11
11
11
23
12
18
33
12
7
18
12
14
16
32
18
13
13
16
15
25
13
20
12
9
20
13
19
12
10
17
25
17
13
19
9
12
12
11
9
17
21
12
13
12
17
16
17
9
11
14
16
16
7
8
11
11
11
14
15
15
13
9
12
14
10
18
9
14
17
15
14
9
20
14
12
19
23
13
10
14
14
15
13
13
22
10
13
11
12
23
10
11
17
16
12
21
4
11
10
15
13
15
18
14
15
15
12
14
15
13
10
14
12
13
7
12
13
10
14
15
7
23
11
13
15
12
11
15
13
17
14
15
12
14
21
14
11
22
13
15
18
20
17
10
17
20
13
16
11
6
17
12
23
11
19
10
18
10
15
17
15
14
9
18
12
12
10
15
14
12
22
22
15
23
27
13
11
17
15
12
14
17
13
8
12
13
14
16
10
18
13
13
37
17
19
21
